453 1
0.991476 
0.997921 
0.997921 
0.997921 
0.997921 
0.997921 
0.997921 
0.997921 
0.997921 
0.997705 
0.997705 
0.997705 
0.997705 
0.997705 
0.997705 
0.997705 
0.997705 
0.998912 
0.998912 
0.998912 
0.998912 
0.998912 
0.998912 
0.998912 
0.998912 
0.999099 
0.999099 
0.999099 
0.999099 
0.999099 
0.999099 
0.999099 
0.999099 
0.999904 
0.999904 
0.999904 
0.999904 
0.999904 
0.999904 
0.999904 
0.999904 
0.999798 
0.999798 
0.999798 
0.999798 
0.999798 
0.999798 
0.999798 
0.999798 
0.999949 
0.999949 
0.999949 
0.999949 
0.999949 
0.999949 
0.999949 
0.999949 
0.99978 
0.99978 
0.99978 
0.99978 
0.99978 
0.99978 
0.99978 
0.99978 
-1 
-1 
-1 
-1 
-1 
-1 
-1 
-1 
0.999931 
0.999931 
0.999931 
0.999931 
0.999931 
0.999931 
0.999931 
0.999931 
-1 
-1 
-1 
-1 
-1 
-1 
-1 
-1 
0.999978 
0.999978 
0.999978 
0.999978 
0.999978 
0.999978 
0.999978 
0.999978 
-1 
-1 
-1 
-1 
-1 
-1 
-1 
-1 
0.997921 
0.997517 
0.997517 
0.997517 
0.997517 
0.997517 
0.997517 
0.997517 
0.997517 
0.998331 
0.998331 
0.998331 
0.998331 
0.998331 
0.998331 
0.998331 
0.998331 
0.998868 
0.998868 
0.998868 
0.998868 
0.998868 
0.998868 
0.998868 
0.998868 
0.999206 
0.999206 
0.999206 
0.999206 
0.999206 
0.999206 
0.999206 
0.999206 
0.999436 
0.999436 
0.999436 
0.999436 
0.999436 
0.999436 
0.999436 
0.999436 
0.99974 
0.99974 
0.99974 
0.99974 
0.99974 
0.99974 
0.99974 
0.99974 
0.997517 
0.996743 
0.996743 
0.996743 
0.996743 
0.996743 
0.996743 
0.996743 
0.996743 
0.996946 
0.996946 
0.996946 
0.996946 
0.996946 
0.996946 
0.996946 
0.996946 
0.999335 
0.999335 
0.999335 
0.999335 
0.999335 
0.999335 
0.999335 
0.999335 
0.998956 
0.998956 
0.998956 
0.998956 
0.998956 
0.998956 
0.998956 
0.998956 
-1 
-1 
-1 
-1 
-1 
-1 
-1 
-1 
0.999546 
0.999546 
0.999546 
0.999546 
0.999546 
0.999546 
0.999546 
0.999546 
-1 
-1 
-1 
-1 
-1 
-1 
-1 
-1 
0.999693 
0.999693 
0.999693 
0.999693 
0.999693 
0.999693 
0.999693 
0.999693 
-1 
-1 
-1 
-1 
-1 
-1 
-1 
-1 
1 
1 
1 
1 
1 
1 
1 
1 
-1 
-1 
-1 
-1 
-1 
-1 
-1 
-1 
1 
1 
1 
1 
1 
1 
1 
1 
-1 
-1 
-1 
-1 
-1 
-1 
-1 
-1 
-1 
-1 
-1 
-1 
-1 
-1 
-1 
-1 
0.997517 
0.996111 
0.996111 
0.996111 
0.996111 
0.996111 
0.996111 
0.996111 
0.996111 
0.996773 
0.996773 
0.996773 
0.996773 
0.996773 
0.996773 
0.996773 
0.996773 
0.999573 
0.999573 
0.999573 
0.999573 
0.999573 
0.999573 
0.999573 
0.999573 
0.998474 
0.998474 
0.998474 
0.998474 
0.998474 
0.998474 
0.998474 
0.998474 
0.999553 
0.999553 
0.999553 
0.999553 
0.999553 
0.999553 
0.999553 
0.999553 
0.999072 
0.999072 
0.999072 
0.999072 
0.999072 
0.999072 
0.999072 
0.999072 
0.99963 
0.99963 
0.99963 
0.99963 
0.99963 
0.99963 
0.99963 
0.99963 
1 
1 
1 
1 
1 
1 
1 
1 
1 
1 
1 
1 
1 
1 
1 
1 
1 
1 
1 
1 
1 
1 
1 
1 
1 
1 
1 
1 
1 
1 
1 
1 
1 
1 
1 
1 
1 
1 
1 
1 
1 
1 
1 
1 
1 
1 
1 
1 
1 
1 
1 
1 
1 
1 
1 
1 
1 
1 
1 
1 
1 
1 
1 
1 
1 
1 
1 
1 
1 
1 
1 
1 
0.997517 
0.996319 
0.996319 
0.996319 
0.996319 
0.996319 
0.996319 
0.996319 
0.996319 
0.9966 
0.9966 
0.9966 
0.9966 
0.9966 
0.9966 
0.9966 
0.9966 
0.99904 
0.99904 
0.99904 
0.99904 
0.99904 
0.99904 
0.99904 
0.99904 
0.999485 
0.999485 
0.999485 
0.999485 
0.999485 
0.999485 
0.999485 
0.999485 
0.999671 
0.999671 
0.999671 
0.999671 
0.999671 
0.999671 
0.999671 
0.999671 
0.999787 
0.999787 
0.999787 
0.999787 
0.999787 
0.999787 
0.999787 
0.999787 
0.999784 
0.999784 
0.999784 
0.999784 
0.999784 
0.999784 
0.999784 
0.999784 
